0 0 1
1.00000000 -0.00000000 0.00000000 -0.00000000
-0.00000000 1.00000000 -0.00000000 0.00000000
0.00000000 -0.00000000 1.00000000 -0.00000000
-0.00000000 0.00000000 -0.00000000 1.00000000
1 1 2
0.99999955 0.00029621 -0.00090454 0.00679622
-0.00029308 0.99999399 0.00345554 0.00122070
0.00090556 -0.00345528 0.99999362 0.00338277
-0.00000000 -0.00000000 -0.00000000 1.00000000
2 2 3
0.99999957 0.00075292 -0.00053612 0.00809930
-0.00075165 0.99999690 0.00237251 0.00416596
0.00053791 -0.00237211 0.99999704 0.00462711
-0.00000000 -0.00000000 -0.00000000 1.00000000
3 3 4
0.99999927 0.00098901 -0.00069172 0.00915886
-0.00098743 0.99999689 0.00229057 0.00571029
0.00069399 -0.00228989 0.99999714 0.00532624
-0.00000000 -0.00000000 -0.00000000 1.00000000
4 4 5
0.99999903 0.00088297 -0.00107891 0.01028263
-0.00087983 0.99999537 0.00291409 0.00615825
0.00108148 -0.00291314 0.99999517 0.00613972
-0.00000000 -0.00000000 -0.00000000 1.00000000
5 5 6
0.99999928 0.00039283 -0.00113489 0.01096728
-0.00038936 0.99999524 0.00305978 0.00645573
0.00113609 -0.00305933 0.99999467 0.00650915
-0.00000000 -0.00000000 -0.00000000 1.00000000
6 6 7
0.99999887 0.00022183 -0.00148575 0.01178805
-0.00021762 0.99999596 0.00283452 0.00628121
0.00148637 -0.00283419 0.99999488 0.00664516
-0.00000000 -0.00000000 -0.00000000 1.00000000
7 7 8
0.99999820 0.00040281 -0.00185347 0.01258696
-0.00039867 0.99999743 0.00223152 0.00563518
0.00185436 -0.00223077 0.99999579 0.00670843
-0.00000000 -0.00000000 -0.00000000 1.00000000
8 8 9
0.99999807 0.00105595 -0.00165928 0.01290424
-0.00105450 0.99999906 0.00087621 0.00586588
0.00166020 -0.00087446 0.99999824 0.00685319
-0.00000000 -0.00000000 -0.00000000 1.00000000
9 9 10
0.99999792 0.00170413 -0.00112022 0.01287042
-0.00170478 0.99999838 -0.00057732 0.00639737
0.00111923 0.00057923 0.99999921 0.00680658
-0.00000000 0.00000000 -0.00000000 1.00000000
